Uniform inequality passed at 1400 even/odd grid points.
N, p_N, u_B/u_N, x_N-x_B, root_bound, leading_residual, refined_residual
100, 0.964966326319, 0.976058585355, 0.043460362, 0.053909764, 0.12914282, -0.031648807
101, 0.965225044026, 0.976217300508, 0.043270363, 0.053557149, 0.12917486, -0.031387021
400, 0.988124642887, 0.992394016544, 0.018281858, 0.020882525, 0.12120207, -0.013366348
401, 0.988148554670, 0.992407798578, 0.018257074, 0.020845944, 0.12120024, -0.013329491
800, 0.993268879398, 0.995790026306, 0.011411951, 0.012733983, 0.11754465, -0.0071641598
1600, 0.996234613702, 0.997690905142, 0.0069819972, 0.0076624280, 0.11344996, -0.0028855588
3200, 0.997916117713, 0.998743087103, 0.0041995650, 0.0045533640, 0.10900593, -0.00011989957
10000, 0.999226573449, 0.999543727804, 0.0017658309, 0.0018883616, 0.10144437, 0.0022341844
1000000, 0.999987888448, 0.999993229726, 0.000040999760, 0.000042730989, 0.076293677, 0.0028164145
100000000, 0.999999834424, 0.999999909973, 7.4531338e-7, 7.6817146e-7, 0.060981709, 0.0019694265
