verify_crossover_factor.py  (Problem 131, Paper B, thm:simplex-boundary-crossover)
All exact values of S: (A) proper-run formula, (B) refresh integral quadrature,
(C) positive refresh sum in 60-digit Decimal. Ratios are exact S / profile.

[lemma] |B_n(w)/(w Phi(nw)) - 1 + w/2| / w^2 <= 0.75 at 42 points; largest value 0.16666
[lemma] E[J(J+1)] = x and E[J(J-1)J(J+1)] = x^2 at x = 0.01, 1, 16, 64 (50 digits)
[brute force] 155 count vectors (3 letters N<=10, 4 letters N<=7): (C) and (A) equal the enumerated S_n(1/7) exactly.

[A] proper-word counts computed for M <= 170, rare runs <= 40: 104301 triples (0.3 s)

== 1. The remark's points: two equal large counts, one rare count, z = log N ==
a = round(rho N/L^2), n1 = floor((N-a)/2), n2 = N-a-n1; profile uses actual rho.
N        counts                 rho_act  S/P0(A)  S/P0(B)  S/P0(C)  maxreldiff S/Pold  S/PN1  S/PN1k  S/PM0  S/PMa  S/PM1
2000     (982, 983, 35)           1.011  1.0445   1.0445   1.0445   3.0e-15   1.1931  0.9047  0.9448  1.3105  0.8671  0.9448
2000     (983, 983, 34)           0.982  1.0467   1.0467   1.0467   5.4e-15   1.1911  0.9059  0.9460  1.3022  0.8675  0.9453   (a shifted by -1)
2000     (982, 982, 36)           1.040  1.0423   1.0423   1.0423   2.1e-15   1.1951  0.9036  0.9436  1.3189  0.8666  0.9442   (a shifted by +1)
2000     (861, 862, 277)          8.002  0.3596   0.3596   0.3596   1.3e-15   1.0304  0.5184  0.5413  4.7239  0.7811  0.8422
2000     (862, 862, 276)          7.973  0.3617   0.3617   0.3617   1.3e-15   1.0324  0.5200  0.5430  4.7008  0.7815  0.8425   (a shifted by -1)
2000     (861, 861, 278)          8.031  0.3575   0.3575   0.3575   8.9e-16   1.0284  0.5168  0.5396  4.7471  0.7808  0.8418   (a shifted by +1)
20000    (9184, 9185, 1631)       7.998  0.5260   0.5260   0.5260   5.0e-15   1.1795  0.6962  0.7014  3.5806  0.9197  0.9322
20000    (9185, 9185, 1630)       7.993  0.5263   0.5263   0.5263   4.1e-15   1.1797  0.6964  0.7016  3.5783  0.9197  0.9322   (a shifted by -1)
20000    (9184, 9184, 1632)       8.003  0.5256   0.5256   0.5256   4.0e-15   1.1793  0.6960  0.7012  3.5829  0.9196  0.9322   (a shifted by +1)
200000   (94630, 94631, 10739)    8.000  0.6297   0.6297   0.6297   1.1e-14   1.2127  0.7906  0.7915  2.8635  0.9572  0.9592
200000   (94631, 94631, 10738)    7.999  0.6297   0.6297   0.6297   7.3e-15   1.2127  0.7907  0.7915  2.8633  0.9572  0.9592   (a shifted by -1)
200000   (94630, 94630, 10740)    8.001  0.6296   0.6296   0.6296   9.8e-15   1.2127  0.7906  0.7915  2.8638  0.9572  0.9592   (a shifted by +1)
2000000  (961995, 961996, 76009)   8.000  0.6991   0.6991   0.6991   2.7e-15   1.2134  0.8466  0.8468  2.4337  0.9712  0.9715
2000000  (961996, 961996, 76008)   8.000  0.6991   0.6991   0.6991   3.1e-15   1.2134  0.8466  0.8468  2.4337  0.9712  0.9715   (a shifted by -1)
2000000  (961995, 961995, 76010)   8.000  0.6991   0.6991   0.6991   1.3e-14   1.2134  0.8466  0.8468  2.4338  0.9712  0.9715   (a shifted by +1)

== 2. First-order coefficient: d0 = z log(S/P0) -> E1(x); d2 = z^2 log(S/PN1k), dM = z^2 log(S/PM1) bounded ==
(z(d0-E1) = z^2 log(S/(P0 exp(E1/z))) differs from d2 only by kappa z^4/N.)
-- r=2 equal, l=1, rho=1, z=L
N        z        E1(x)     d0=z*log(S/P0)  d0-E1    z*(d0-E1)  d2=z^2log(S/PN1k)  dM=z^2log(S/PM1)  |B-C|    |A-C|
1e3        6.908    1.0941        0.0738   -1.0203     -7.048          -3.632          -4.208     7.4e-16  1.6e-15
1e4        9.210    1.0943        0.6768   -0.4175     -3.846          -2.766          -2.033     8.9e-16  4.4e-16
1e5       11.513    1.0947        0.8491   -0.2456     -2.827          -2.564          -1.480     2.2e-15  1.3e-15
1e6       13.816    1.0946        0.9062   -0.1884     -2.602          -2.548          -1.380     1.8e-15  2.2e-14
1e7       16.118    1.0945        0.9349   -0.1596     -2.573          -2.563          -1.370     5.3e-15  2.4e-14
1e8       18.421    1.0945        0.9544   -0.1402     -2.582          -2.580          -1.376     1.8e-15  3.0e-14
1e9       20.723    1.0945        0.9693   -0.1252     -2.595          -2.595          -1.382     0.0e+00  nan
1e10      23.026    1.0945        0.9813   -0.1132     -2.607          -2.606          -1.388     0.0e+00  nan
1e11      25.328    1.0945        0.9912   -0.1033     -2.616          -2.616          -1.392     0.0e+00  nan
1e12      27.631    1.0945        0.9996   -0.0950     -2.625          -2.625          -1.396     7.1e-15  nan
1e13      29.934    1.0945        1.0066   -0.0879     -2.632          -2.632          -1.400     3.6e-15  nan
1e14      32.236    1.0945        1.0127   -0.0818     -2.638          -2.638          -1.403     3.6e-15  nan
1e15      34.539    1.0945        1.0180   -0.0765     -2.643          -2.643          -1.405     3.6e-15  nan
1e16      36.841    1.0945        1.0227   -0.0719     -2.648          -2.648          -1.408     7.1e-15  nan

-- r=2 equal, l=1, rho=8, z=L
N        z        E1(x)     d0=z*log(S/P0)  d0-E1    z*(d0-E1)  d2=z^2log(S/PN1k)  dM=z^2log(S/PM1)  |B-C|    |A-C|
1e3        6.908   -2.7901       -8.5007   -5.7106    -39.448         -36.032         -11.873     8.9e-16  2.7e-15
1e4        9.210   -2.7784       -6.6825   -3.9041    -35.958         -34.878          -7.414     1.8e-15  1.3e-15
1e5       11.513   -2.7791       -5.8247   -3.0456    -35.064         -34.800          -6.304     2.1e-15  3.8e-15
1e6       13.816   -2.7788       -5.3129   -2.5341    -35.010         -34.956          -6.102     2.2e-15  2.6e-14
1e7       16.118   -2.7787       -4.9591   -2.1804    -35.143         -35.133          -6.092     5.3e-15  2.0e-14
1e8       18.421   -2.7788       -4.6946   -1.9158    -35.291         -35.289          -6.115     1.8e-15  1.9e-14
1e9       20.723   -2.7788       -4.4879   -1.7092    -35.420         -35.420          -6.143     8.9e-16  nan
1e10      23.026   -2.7788       -4.3218   -1.5431    -35.530         -35.530          -6.169     0.0e+00  nan
1e11      25.328   -2.7788       -4.1853   -1.4065    -35.624         -35.624          -6.193     1.8e-15  nan
1e12      27.631   -2.7788       -4.0710   -1.2922    -35.705         -35.705          -6.214     1.1e-14  nan
1e13      29.934   -2.7788       -3.9739   -1.1952    -35.776         -35.776          -6.233     3.6e-15  nan
1e14      32.236   -2.7788       -3.8905   -1.1117    -35.838         -35.838          -6.251     3.6e-15  nan
1e15      34.539   -2.7788       -3.8179   -1.0392    -35.893         -35.893          -6.267     3.6e-15  nan
1e16      36.841   -2.7788       -3.7543   -0.9756    -35.941         -35.941          -6.281     1.1e-14  nan

-- r=2 equal, l=1, rho=1, z=2L
N        z        E1(x)     d0=z*log(S/P0)  d0-E1    z*(d0-E1)  d2=z^2log(S/PN1k)  dM=z^2log(S/PM1)  |B-C|    |A-C|
1e3       13.816   -0.2302       -6.0324   -5.8022    -80.160         -25.514         -35.356     0.0e+00  8.9e-15
1e4       18.421   -0.2278       -2.0744   -1.8466    -34.015         -16.744         -11.665     0.0e+00  1.8e-15
1e5       23.026   -0.2242       -1.0270   -0.8028    -18.485         -14.268          -5.117     0.0e+00  7.1e-15
1e6       27.631   -0.2255       -0.7576   -0.5321    -14.703         -13.829          -3.804     0.0e+00  3.0e-14
1e7       32.236   -0.2255       -0.6585   -0.4330    -13.957         -13.795          -3.588     3.6e-15  1.8e-14
1e8       36.841   -0.2255       -0.6016   -0.3760    -13.853         -13.825          -3.566     5.3e-15  4.4e-14
1e9       41.447   -0.2255       -0.5600   -0.3345    -13.863         -13.859          -3.573     3.6e-15  nan
1e10      46.052   -0.2255       -0.5271   -0.3016    -13.888         -13.888          -3.582     1.8e-15  nan
1e11      50.657   -0.2255       -0.5002   -0.2746    -13.912         -13.912          -3.591     1.4e-14  nan
1e12      55.262   -0.2255       -0.4777   -0.2521    -13.932         -13.932          -3.598     3.6e-15  nan
1e13      59.867   -0.2255       -0.4586   -0.2330    -13.949         -13.949          -3.605     0.0e+00  nan
1e14      64.472   -0.2255       -0.4421   -0.2166    -13.964         -13.964          -3.610     8.9e-15  nan
1e15      69.078   -0.2255       -0.4279   -0.2023    -13.977         -13.977          -3.615     7.1e-15  nan
1e16      73.683   -0.2255       -0.4154   -0.1899    -13.989         -13.989          -3.619     1.6e-14  nan

-- r=2 equal, l=1, rho=8, z=2L
N        z        E1(x)     d0=z*log(S/P0)  d0-E1    z*(d0-E1)  d2=z^2log(S/PN1k)  dM=z^2log(S/PM1)  |B-C|    |A-C|
1e3       13.816  -21.8525      -46.8071  -24.9547   -344.762        -290.116         -98.592     1.8e-15  1.2e-14
1e4       18.421  -21.7952      -37.4904  -15.6952   -289.117        -271.846         -40.145     0.0e+00  7.1e-15
1e5       23.026  -21.7988      -33.5841  -11.7853   -271.367        -267.151         -25.042     0.0e+00  1.1e-14
1e6       27.631  -21.7970      -31.4690   -9.6719   -267.245        -266.371         -22.044     3.6e-15  1.8e-14
1e7       32.236  -21.7968      -30.0690   -8.2722   -266.665        -266.503         -21.581     7.1e-15  2.1e-14
1e8       36.841  -21.7968      -29.0393   -7.2425   -266.823        -266.796         -21.576     3.6e-15  3.6e-14
1e9       41.447  -21.7969      -28.2412   -6.4444   -267.098        -267.093         -21.642     0.0e+00  nan
1e10      46.052  -21.7969      -27.6027   -5.8058   -267.368        -267.368         -21.714     0.0e+00  nan
1e11      50.657  -21.7969      -27.0798   -5.2829   -267.615        -267.615         -21.782     1.4e-14  nan
1e12      55.262  -21.7969      -26.6435   -4.8467   -267.837        -267.837         -21.843     7.1e-15  nan
1e13      59.867  -21.7969      -26.2740   -4.4772   -268.036        -268.036         -21.899     0.0e+00  nan
1e14      64.472  -21.7969      -25.9570   -4.1601   -268.215        -268.215         -21.950     1.1e-14  nan
1e15      69.078  -21.7969      -25.6820   -3.8851   -268.376        -268.376         -21.996     1.4e-14  nan
1e16      73.683  -21.7969      -25.4411   -3.6443   -268.521        -268.521         -22.038     1.4e-14  nan

-- r=2 equal, l=2, rho=(1,3), z=L
N        z        E1(x)     d0=z*log(S/P0)  d0-E1    z*(d0-E1)  d2=z^2log(S/PN1k)  dM=z^2log(S/PM1)  |B-C|    |A-C|
1e3        6.908    6.4169        1.7474   -4.6695    -32.256         -26.564         -16.690     1.7e-15  nan
1e4        9.210    6.4147        3.5736   -2.8410    -26.167         -24.368         -10.914     2.2e-15  nan
1e5       11.513    6.4116        4.2824   -2.1292    -24.514         -24.075          -9.564     1.8e-15  nan
1e6       13.816    6.4125        4.6471   -1.7654    -24.390         -24.299          -9.410     3.6e-15  nan
1e7       16.118    6.4126        4.8880   -1.5246    -24.574         -24.557          -9.480     5.3e-15  nan
1e8       18.421    6.4126        5.0673   -1.3453    -24.781         -24.778          -9.575     3.6e-15  nan
1e9       20.723    6.4126        5.2081   -1.2045    -24.961         -24.961          -9.661     3.6e-15  nan
1e10      23.026    6.4126        5.3220   -1.0906    -25.112         -25.112          -9.735     0.0e+00  nan
1e11      25.328    6.4126        5.4161   -0.9965    -25.240         -25.240          -9.799     0.0e+00  nan
1e12      27.631    6.4126        5.4952   -0.9174    -25.349         -25.349          -9.854     7.1e-15  nan
1e13      29.934    6.4126        5.5626   -0.8500    -25.442         -25.442          -9.903     0.0e+00  nan
1e14      32.236    6.4126        5.6208   -0.7918    -25.524         -25.524          -9.945     7.1e-15  nan
1e15      34.539    6.4126        5.6715   -0.7411    -25.596         -25.596          -9.983     7.1e-15  nan
1e16      36.841    6.4126        5.7161   -0.6965    -25.659         -25.659         -10.017     7.1e-15  nan

-- r=3 beta=(1,2,3)/6, l=1, rho=2, z=L
N        z        E1(x)     d0=z*log(S/P0)  d0-E1    z*(d0-E1)  d2=z^2log(S/PN1k)  dM=z^2log(S/PM1)  |B-C|    |A-C|
1e3        6.908   -1.2033       -3.3728   -2.1695    -14.986          -7.327          -6.945     1.8e-15  nan
1e4        9.210   -1.2036       -2.0503   -0.8467     -7.799          -5.377          -2.892     2.6e-15  nan
1e5       11.513   -1.2014       -1.6772   -0.4758     -5.478          -4.886          -1.841     2.0e-15  nan
1e6       13.816   -1.2012       -1.5590   -0.3578     -4.943          -4.821          -1.638     3.6e-15  nan
1e7       16.118   -1.2013       -1.5028   -0.3015     -4.860          -4.837          -1.610     6.2e-15  nan
1e8       18.421   -1.2013       -1.4654   -0.2641     -4.866          -4.862          -1.612     2.7e-15  nan
1e9       20.723   -1.2013       -1.4370   -0.2357     -4.884          -4.884          -1.618     1.8e-15  nan
1e10      23.026   -1.2013       -1.4141   -0.2129     -4.902          -4.901          -1.624     0.0e+00  nan
1e11      25.328   -1.2013       -1.3954   -0.1941     -4.916          -4.916          -1.628     3.6e-15  nan
1e12      27.631   -1.2013       -1.3797   -0.1784     -4.929          -4.929          -1.633     1.4e-14  nan
1e13      29.934   -1.2013       -1.3663   -0.1650     -4.940          -4.940          -1.636     7.1e-15  nan
1e14      32.236   -1.2013       -1.3548   -0.1535     -4.949          -4.949          -1.639     7.1e-15  nan
1e15      34.539   -1.2013       -1.3448   -0.1435     -4.957          -4.957          -1.642     0.0e+00  nan
1e16      36.841   -1.2013       -1.3360   -0.1348     -4.964          -4.964          -1.645     7.1e-15  nan

-- r=2 equal, l=1, rho=0.25, z=L
N        z        E1(x)     d0=z*log(S/P0)  d0-E1    z*(d0-E1)  d2=z^2log(S/PN1k)  dM=z^2log(S/PM1)  |B-C|    |A-C|
1e3        6.908    1.1634        0.3780   -0.7854     -5.425          -2.010          -3.093     5.6e-16  3.6e-15
1e4        9.210    1.1640        0.9118   -0.2522     -2.323          -1.244          -1.398     8.9e-16  0.0e+00
1e5       11.513    1.1644        1.0498   -0.1146     -1.320          -1.056          -0.957     1.8e-15  2.7e-15
1e6       13.816    1.1643        1.0862   -0.0781     -1.080          -1.025          -0.873     8.9e-16  1.9e-14
1e7       16.118    1.1643        1.1000   -0.0643     -1.037          -1.027          -0.863     3.6e-15  7.1e-15
1e8       18.421    1.1643        1.1082   -0.0562     -1.035          -1.033          -0.866     0.0e+00  2.1e-14
1e9       20.723    1.1643        1.1142   -0.0501     -1.039          -1.039          -0.870     0.0e+00  nan
1e10      23.026    1.1643        1.1190   -0.0453     -1.043          -1.043          -0.873     1.8e-15  nan
1e11      25.328    1.1643        1.1230   -0.0413     -1.047          -1.047          -0.875     1.8e-15  nan
1e12      27.631    1.1643        1.1263   -0.0380     -1.050          -1.050          -0.878     1.1e-14  nan
1e13      29.934    1.1643        1.1292   -0.0352     -1.053          -1.053          -0.880     3.6e-15  nan
1e14      32.236    1.1643        1.1316   -0.0327     -1.055          -1.055          -0.881     3.6e-15  nan
1e15      34.539    1.1643        1.1337   -0.0306     -1.058          -1.058          -0.883     0.0e+00  nan
1e16      36.841    1.1643        1.1356   -0.0288     -1.059          -1.059          -0.884     1.1e-14  nan

== 3. Crossing z_N = N u_N (S = 1) vs the theorem's root formula and the roots of the corrected profiles ==
N        rho  z_N(C)        z_N(B)        thm formula   root P0       root PN1      root PN1k     root PMa      root PM1
1e4      1    10.310865   10.310865   7.216002   10.346240   10.275592   10.286878   10.271385   10.293732
1e6      1    17.863979   17.863979   15.414882   17.891995   17.852429   17.852807   17.858490   17.859244
1e8      1    25.944873   25.944873   23.905929   25.962957   25.937932   25.937940   25.942239   25.942256
1e12     1    42.852431   42.852431   41.312949   42.861306   42.848971   42.848971   42.851252   42.851252
1e4      8    8.463168   8.463168   -1.614169   8.152548   8.256860   8.262253   8.405953   8.416327
1e6      8    14.986444   14.986444   6.582008   14.714360   14.863677   14.863884   14.966345   14.966749
1e8      8    22.282795   22.282795   15.073194   22.034826   22.198344   22.198349   22.270909   22.270919
1e12     8    38.105573   38.105573   32.480212   37.896835   38.058045   38.058045   38.099765   38.099765

== 4. Second-order constants at N = 1e12, z = L, r = 2 equal, l = 1 ==
c2N = z^2 log(S/PN1k), c2M = z^2 log(S/PM1), heur = -rho(H-K+psi(A^2 rho)) (predicted value of c2N - c2M)
rho     E1(x)      c2N        c2M      c2N-c2M     heur     |B-C|
0.25     1.1643     -1.050    -0.878     -0.173    -0.183   1.1e-14
0.5      1.1664     -1.489    -1.044     -0.445    -0.467   1.1e-14
1        1.0945     -2.625    -1.396     -1.228    -1.276   7.1e-15
2        0.7701     -5.637    -2.117     -3.520    -3.632   1.1e-14
4       -0.2255    -13.718    -3.524    -10.195   -10.478   8.9e-15
8       -2.7788    -35.705    -6.214    -29.491   -30.216   1.1e-14
16      -8.7186    -96.405   -11.374    -85.031   -86.802   1.1e-14
32     -21.7969   -266.162   -21.416   -244.746  -248.401   1.2e-14

total time 34.2 s
